2
TF01
1000.5
100000
1000
100.1
1.5
500
Unoverheated
200
1500
Available
2
TF02
2000.5
200000
2000
200.1
2.5
1000
Overheated
210
1600
unavailable
2
TF03
3000.5
300000
3000
300.1
3.5
1500
Unoverheated
220
1400
unavailable
2
TF04
500.5
50000
500
50.1
0.5
250
Overheated
190
1000
available
2
TF05
2200.5
220000
220
0.1
2.2
220
unoverheated
220
2200
available
1
RTJ5.0
1375.35
3750000
3500
1375.6
4.5
2375
overheated
A-100
8
6
1
RTJ4.0
200.67
60000
1206
12.945
1.25
600
unoverheated
A-105
6
4
1
RTJ3.0
9200.3
920000
920
92.9
9.2
9200
unoverheated
A-90
3
4
1
RTJ2.0
1200
120000
120
12.9
1.2
1200
unoverheated
A-95
4
2
1
RTJ1.0
333.33
333333
3333
33.3
3.3
333
overheated
Diesel
2
4